BinningFeatures:
  delta_max: 63
  delta_min: 0.4835184768211176
  delta_scale: 0.8162532269158669
  n_bins: 20
MLP:
  d_layers: 131
  dropout: 0.16204263405693717
  num_layers: 3
training:
  batch_size: 44
  epochs: 10
  learning_rate: 0.00017785777369221426
  weight_decay: 0.003824768595018235
