FourierFeaturesCos:
  frequency_scale: 2.5177800852020282
  n_frequencies: 14
MLP:
  d_layers: 234
  dropout: 0.164311658288829
  num_layers: 5
training:
  batch_size: 77
  epochs: 10
  learning_rate: 0.0006353422647868271
  weight_decay: 2.7959836451894437e-05
