ComboFeatures:
  delta_max: 72
  delta_min: 8.076917561783985
  delta_scale: 0.9796117378224067
  frequency_scale: 1.9040386463860364
  n_bins: 12
  n_frequencies: 4
MLP:
  d_layers: 234
  dropout: 0.164311658288829
  num_layers: 5
training:
  batch_size: 77
  epochs: 10
  learning_rate: 0.0006353422647868271
  weight_decay: 2.7959836451894437e-05
