BinningFeatures:
  delta_max: 41
  delta_min: 7.171798320904689
  delta_scale: 7.068008301467986
  n_bins: 76
MLP:
  d_layers: 172
  dropout: 0.10559664276900409
  num_layers: 3
training:
  batch_size: 63
  epochs: 10
  learning_rate: 0.0020075302048282078
  weight_decay: 0.0007849455864270838
