ModernNCA:
  dim: 108
  dropout: 0.05616359428915753
  temperature: 1
training:
  batch_size: 109
  epochs: 10
  learning_rate: 0.003508353989306935
  weight_decay: 1.989977175570134e-05
