ComboFeatures:
  delta_max: 87
  delta_min: 3.394148904307409
  delta_scale: 9
  frequency_scale: 0.286135576314411
  n_bins: 6
  n_frequencies: 12
ModernNCA:
  dim: 62
  dropout: 0.07236244876532197
  temperature: 1
training:
  batch_size: 125
  epochs: 10
  learning_rate: 0.006806710899563737
  weight_decay: 1.1531962624816232e-05
