ComboFeatures:
  delta_max: 24
  delta_min: 4.352151040447552
  delta_scale: 1
  frequency_scale: 0.9173758941610894
  n_bins: 8
  n_frequencies: 9
ModernNCA:
  dim: 127
  dropout: 0.049002835892668795
  temperature: 1
training:
  batch_size: 62
  epochs: 10
  learning_rate: 0.0002931455575334598
  weight_decay: 0.0001602806171541353
