ModernNCA:
  dim: 62
  dropout: 0.06100760452180189
  temperature: 1
training:
  batch_size: 95
  epochs: 10
  learning_rate: 0.008333541851484572
  weight_decay: 0.002060559416813354
