ModernNCA:
  dim: 70
  dropout: 0.1083677637953828
  temperature: 1
training:
  batch_size: 36
  epochs: 10
  learning_rate: 0.0032399376065840625
  weight_decay: 0.0006573557194818418
