ModernNCA:
  dim: 81
  dropout: 0.16127857352310046
  temperature: 1
training:
  batch_size: 102
  epochs: 10
  learning_rate: 0.007640199700745826
  weight_decay: 1.7016650284279076e-05
