ComboFeatures:
  delta_max: 27
  delta_min: 3.315851021318212
  delta_scale: 2.8467479067569608
  frequency_scale: 2.0544723158278093
  n_bins: 14
  n_frequencies: 15
ModernNCA:
  dim: 62
  dropout: 0.06100760452180189
  temperature: 1
training:
  batch_size: 95
  epochs: 10
  learning_rate: 0.008333541851484572
  weight_decay: 0.002060559416813354
