FourierFeaturesCos:
  frequency_scale: 0.21706278536745405
  n_frequencies: 11
TabTransformer:
  attn_dropout: 0.09011049659884665
  depth: 3
  dim: 42
  ff_dropout: 0.35704237997327376
  heads: 8
training:
  batch_size: 64
  epochs: 10
  learning_rate: 0.002732353845497168
  weight_decay: 6.161114643127115e-05
