BinningFeatures:
  delta_max: 82
  delta_min: 3.9293236292440286
  delta_scale: 1.5511381895127219
  n_bins: 63
TabTransformer:
  attn_dropout: 0.06781099541745493
  depth: 7
  dim: 40
  ff_dropout: 0.48751937674048285
  heads: 5
training:
  batch_size: 65
  epochs: 10
  learning_rate: 0.0030062377341180955
  weight_decay: 0.00023173008786080064
